843
4238
4126
1176
3728
189
405
4034
2277
545
3015
2433
496
1224
1196
1115
2293
220
1887
1011
2526
2118
3888
1834
639
3539
192
842
3974
1829
1530
1931
2091
1632
704
2879
223
1098
398
1277
3983
2294
379
2810
3059
1778
2278
1940
308
3124
1696
3497
543
1458
2104
2377
1043
3192
882
2613
1051
1800
224
162
4412
1765
3515
45
1114
4348
4003
1091
4429
3919
1220
2049
3691
1566
117
487
1509
4251
2255
521
1457
2172
965
2139
1999
2140
872
2301
2655
2962
775
871
3644
1499
4319
548
3509
675
348
3926
1185
4119
731
134
806
727
2475
4296
2436
2523
4161
4629
4028
3890
2242
3241
1450
2849
2381
2501
559
2287
4556
483
3705
2848
3352
1430
1489
1367
49
4511
1952
304
1412
3679
1364
1419
472
4117
3121
3346
667
4064
4234
2878
4367
3214
2188
3173
3765
4315
269
678
3169
3072
4340
854
1363
3351
4630
3849
148
57
1513
2103
3120
2137
246
2016
2243
453
3319
3787
2215
271
895
4275
1065
294
3447
2452
3722
3472
906
3823
195
1116
142
3783
2670
3068
514
933
406
641
526
873
799
125
3889
2885
634
4583
2756
4093
3193
2682
2089
3892
531
917
2143
1977
3521
502
3597
541
2847
1482
3767
1448
1359
3152
491
716
829
2486
2959
2611
1793
2399
3076
3671
3174
3527
2842
4525
971
708
122
4302
4411
1580
3607
87
2566
1170
599
2542
2060
161
2174
1095
3588
2155
2165
4206
3658
4294
263
1726
4481
3880
1813
4486
1491
2762
3386
4521
173
661
3950
3788
3434
1003
2111
2626
1951
1715
3553
2185
3650
4203
2318
2498
949
3906
2730
3500
3566
2299
217
651
2196
1804
1418
2693
3442
156
866
1471
1202
3269
2535
2913
4292
3649
2378
2996
3038
4170
3074
4314
1104
3151
2423
3831
2896
3043
3639
1867
2478
1504
4432
252
1012
2223
1643
3431
1571
3619
30
167
825
3660
22
773
4617
2948
3354
3401
4194
4239
3427
4242
3397
910
2367
1423
668
1710
1232
1085
3303
1666
2106
4285
2950
2146
2481
1505
3147
2933
1172
3348
4509
3242
3964
4476
2700
1771
3364
3731
2570
1547
2497
1248
891
1177
241
3265
1461
4539
2088
2906
900
3180
2539
2396
2651
684
4508
4500
3902
2351
4049
283
3512
4299
2006
2406
1567
1420
333
33
4600
2545
1705
4582
4512
2150
780
2359
3614
1084
1746
4569
3819
3896
648
3318
1441
1783
3452
2070
2131
4485
995
2505
1275
2339
2974
2323
2439
12
1470
3446
2672
1370
2975
245
1109
3149
976
1936
3852
4431
980
3794
2345
2917
1990
2453
4245
4570
979
1
4252
3786
3171
499
2472
4181
2409
555
381
1519
3696
1021
1856
1986
70
927
3240
2951
4135
1376
314
2024
2675
4174
4116
3625
2531
690
3982
2863
852
3006
2781
88
1261
480
3718
3894
31
536
1949
2858
1005
4032
788
2981
378
1141
1824
1853
2201
1332
3764
3634
1760
942
3953
4514
1544
4063
638
2945
185
1203
1772
680
4450
2011
4463
1161
485
4189
3065
1303
3584
812
4079
3211
2038
817
462
1399
1246
347
2440
470
3236
2703
1427
4025
4491
396
4199
4399
4398
553
1733
4423
3060
2678
3259
345
1326
3951
1358
1022
286
465
2332
3885
2110
2585
4616
2998
1382
3987
622
1319
135
939
581
1523
735
1721
1068
2488
1992
2673
3740
1768
3084
3400
1865
2211
2350
2984
4339
2769
1738
2994
2265
2985
2630
408
1042
1256
1127
4333
1433
3840
4577
4366
1366
3380
1328
429
4535
1066
1675
1309
2034
4462
878
3815
1290
4355
4162
1969
1380
1877
751
325
1646
4290
2586
2340
3727
888
3184
1892
2707
4261
507
352
2663
683
4023
326
982
85
2373
248
2553
1691
1819
4591
311
629
712
253
3155
4585
809
520
3021
2361
3117
501
3415
227
3195
3243
3479
2686
380
534
3847
3343
44
575
3131
2967
1761
1118
2835
620
3371
3081
4618
621
991
1267
3106
2815
2490
202
2383
1826
298
2102
4325
748
2203
3657
2743
1379
685
1522
3503
221
39
2033
3079
1431
3052
2708
3835
489
4440
1069
2901
4400
4407
2518
4540
2065
2270
4322
3508
1082
4480
4091
1299
3199
1478
3073
1385
898
1939
203
1490
1994
1387
576
836
124
23
3213
569
1239
415
1828
1368
1658
1390
182
3870
2017
463
3071
1271
1791
977
2793
36
706
4421
4107
3487
3933
2420
1601
206
2575
2306
3790
3391
452
2954
2623
1766
517
1941
1886
457
4230
2714
3428
2157
34
3350
1330
3027
3975
663
1556
4090
3732
768
2779
3714
2891
2824
1349
3261
2760
1831
2667
4156
841
1445
1343
3090
2807
4145
4207
857
2071
925
2300
1972
4593
4376
3228
4446
4515
2911
3579
4229
3266
1357
1957
3332
2577
2466
4503
2425
2770
2013
3089
3897
3429
527
1943
2797
2795
794
4205
4623
3713
1473
2551
2841
3407
4080
4050
3913
4442
4019
2702
1272
2648
546
615
3774
2260
1073
1525
3627
1559
2560
467
4113
276
1046
2753
4331
3046
2953
3647
3683
2788
4598
1642
3127
1750
1298
3235
2234
4451
3247
1574
1837
2189
3616
1955
1300
3887
985
3040
1649
482
4498
3061
2085
4121
2239
1230
692
289
2748
1281
2605
1377
3374
295
61
1160
2872
2556
2565
4291
1744
3874
2101
1906
3377
2272
2230
2477
4013
4506
3900
1144
2805
2047
2601
1927
1515
3426
3016
2062
4576
607
296
587
566
1916
2204
3536
3227
934
2513
3023
3881
1327
196
2715
2625
1989
1606
321
118
261
598
4149
905
2162
1569
1237
1056
1262
322
2890
149
4186
4266
579
4568
3433
3327
3007
2895
2465
1190
3229
226
17
2164
1393
1625
2329
1759
2365
1206
3436
418
3514
988
1062
3088
3164
4489
572
229
1948
86
440
2772
2459
2042
2460
4132
2217
242
3373
2411
4494
2688
3989
4081
2735
1182
998
4550
3791
2696
944
935
3010
2417
4563
996
346
558
2837
4128
3746
3976
257
1712
2368
1148
1692
4198
1875
3362
2689
1460
953
3569
1644
1680
3225
1700
4326
4574
2193
2476
840
1667
3251
1336
1474
3753
92
2761
2627
2331
234
2724
2909
897
2640
961
1991
4337
983
1852
4233
1687
4610
4620
4518
1708
1120
1997
3563
635
4379
444
1790
1652
868
3369
3733
4044
1464
436
3879
1835
3288
3135
4196
3654
3961
1529
834
2701
1774
443
2865
4221
4214
3301
643
570
451
1197
1070
2358
4270
4383
2892
2828
3726
1982
3284
989
306
10
14
1596
1767
4
682
2537
3166
1389
3029
332
1282
285
1432
473
2829
3248
1422
4584
3158
2244
1497
3652
2740
2254
2802
2487
2976
3963
3051
290
3565
3856
3238
4513
3917
914
4468
249
2661
3685
535
509
66
188
219
1404
1242
244
835
1276
3760
1615
1129
596
1836
758
654
15
1815
3477
4613
3170
879
1961
4532
2372
144
388
4350
2117
2905
4306
4150
3375
4027
3456
3829
4524
688
317
2473
1889
1855
4417
1018
1436
177
50
958
64
3865
4219
4227
1191
3861
399
2485
3138
3392
1895
1953
2232
3615
1794
461
3681
4488
2791
2578
1830
2124
899
2964
386
2758
4083
2507
3440
409
1577
2694
191
1586
200
2900
4567
3201
4342
1757
1749
565
1386
3645
2108
1784
4133
3283
4359
929
2343
4401
2369
1240
2385
2058
1287
2027
1373
4015
71
390
3033
1334
169
743
3530
951
3198
190
1651
2864
1564
97
3538
1183
368
1621
4100
1861
3800
2362
1093
2699
2620
3801
316
132
1928
1494
2310
299
2200
1180
4402
616
4269
1059
5
1912
1493
1869
3595
2519
3785
4374
4318
703
369
1128
4307
3738
2886
414
4391
211
1698
2194
2308
4530
4127
4158
1752
940
1451
4565
2455
713
4473
1078
3035
3262
3789
361
2920
2806
3775
779
3709
890
1270
796
3410
4167
1879
3677
519
2319
2612
936
351
3719
365
4087
2843
4626
3769
1015
1081
1087
2591
2125
744
686
2112
677
3360
2889
725
2713
3012
1536
4347
2483
1235
3555
1979
2594
2939
4237
1236
2044
2527
1037
2078
3119
2250
3827
3323
3034
458
1713
3450
955
924
3276
3044
2087
3962
338
1507
574
3939
2961
719
1195
4212
1074
305
1695
3704
1902
2615
1288
1150
1553
376
4492
2621
3947
4072
4365
3796
2509
963
1032
3414
4343
1974
793
1501
1572
3325
3707
2744
628
422
330
2355
1495
3534
2374
2727
3798
1139
4111
1736
2530
4279
710
1894
1101
4504
2012
3287
2216
3830
4548
1013
493
2899
2717
1245
4067
1514
1313
4267
3519
3936
2154
1618
2644
3435
2986
1535
175
981
3910
826
4249
1670
2075
1254
2592
3742
3097
2859
764
4444
1600
1292
1702
3768
800
2618
2540
4559
1047
864
674
4538
3832
3878
2175
3129
3574
238
2382
427
2464
2052
204
923
240
1540
3064
3045
670
862
4137
2650
3620
4061
694
4171
1023
728
133
2645
1044
366
426
4404
1140
2873
1789
259
2970
1888
4287
4328
3955
3663
163
3499
3424
1583
264
3025
385
2826
3054
288
2794
4220
701
2
272
2346
3039
1395
277
3066
2247
2718
1284
3489
1446
4073
3349
3342
3063
3864
3403
4010
3139
1094
2224
2327
2558
3857
4308
1551
2184
964
3581
179
2619
384
3532
3141
3321
109
687
4474
2134
4422
999
3711
2833
488
1341
3200
1965
1934
1285
3876
1503
2067
589
2616
3770
3824
1602
1157
601
4197
4218
2992
1052
1149
1174
1762
2347
2729
1922
2057
1907
1225
68
3571
2749
2263
1555
2752
2443
1660
3624
2666
1122
880
1548
4124
3635
1521
3991
2968
4257
975
2470
2631
76
3837
3990
1560
2764
2846
4334
1899
2152
3805
3659
2066
2161
4192
2938
1255
1728
3387
4458
9
3093
3326
1911
3341
618
786
1310
3638
69
2141
29
3687
4392
3780
1280
4534
846
2741
3008
2816
300
3949
2039
4368
3385
2907
1283
3580
2081
4201
1732
516
3766
1371
158
874
590
2379
2534
4385
3743
2855
3680
2804
3721
2214
3544
349
3484
3518
547
1898
1079
850
228
37
4415
2771
4597
2574
3970
1914
1699
1620
2004
235
1751
2796
3529
1151
1347
3803
1811
297
3589
1223
4146
137
2072
4544
1048
353
446
2171
2875
2719
2010
1411
832
1775
856
1917
2866
3662
4461
1554
3655
1269
3537
1014
3218
2445
1266
3408
2916
1338
1872
2838
1465
972
4165
4357
4039
419
3494
411
1414
2231
4352
3289
3263
53
2554
4443
2240
791
1317
1693
1647
657
2031
4012
3934
943
3872
1656
1036
1703
503
320
3126
1311
954
4210
3923
3816
4527
40
1832
3908
4228
454
4046
722
3339
2525
2803
4216
3884
1100
2573
702
1825
1397
3202
1112
652
3806
1110
3253
3473
2942
529
4482
1388
413
937
1184
2635
4263
2818
3736
2971
711
4037
3777
3254
3333
1945
564
2285
3617
746
4448
655
2404
323
2790
2602
1137
4125
425
2212
3932
1947
3850
3118
3058
600
1798
2438
3739
4094
1038
783
1268
4438
3322
2275
121
778
984
4258
2494
745
2500
1764
4175
2480
1171
4336
1425
176
3182
3028
82
805
2921
2094
1878
141
2000
1318
1058
4471
2880
515
1199
2169
4036
4316
2720
838
1739
1194
232
4045
1355
1462
2183
1818
1424
2543
820
886
393
3130
1780
3528
2940
476
2510
456
108
2759
762
2887
2198
789
3689
11
1138
4014
1278
4131
672
1944
1905
2025
3630
2604
2471
700
3546
4048
119
274
2629
1396
4311
2550
4095
1633
4312
215
1587
1231
392
27
2315
752
4031
2324
478
2415
3405
909
2669
2888
3055
3507
2151
2180
3820
563
2370
921
4104
969
1212
913
2281
4065
3014
4179
723
2126
2123
1027
597
6
1061
1449
4351
2284
997
4118
2307
3345
2384
653
4633
1467
3355
48
318
3667
2856
3708
1950
2882
340
4566
4447
4607
2657
3086
1215
2825
3196
4578
518
1724
3656
766
3843
1168
474
3172
3905
268
1049
3001
2407
4293
3737
107
4364
1983
4388
4074
3700
3379
1426
3550
3394
2812
3858
1694
813
1476
1158
4208
912
2252
3080
2751
438
3558
609
2590
2926
3670
1055
3005
1354
993
2095
2447
2142
4493
1603
2705
1296
1808
3488
2617
3305
459
254
1920
303
4454
676
1550
2192
4436
4236
3104
41
4533
1549
1264
2484
865
2664
1663
4507
3307
3520
1041
1612
3483
187
932
251
357
278
1717
1463
3048
2280
1923
610
3416
1374
328
781
3002
3314
1962
3986
2728
3207
2115
3496
784
2778
3755
522
3524
1210
1083
1017
1403
1723
2898
3223
1244
3594
3601
145
8
3145
3608
80
1978
2210
2584
1106
1444
1846
3554
4057
359
1915
486
1187
13
2768
2983
2427
2857
1610
2226
757
1063
90
84
4191
3556
2839
966
4456
3535
3602
59
3758
1918
1976
3311
3996
1673
4602
4389
3701
477
4414
1117
715
2074
3682
4346
2054
1372
4213
3501
2709
3056
391
2268
1238
58
568
4029
3282
3295
26
3813
3561
1897
4159
1293
3522
1173
1136
1626
717
1748
1025
2432
588
4625
1854
1477
3077
4542
4426
2747
4361
855
2854
3406
3915
1737
774
859
1785
4129
819
3037
3460
3828
455
52
1806
4526
20
2853
194
1213
3559
1086
1346
1217
2312
3122
3376
1454
2958
3526
3075
3255
2096
1756
4586
1735
3545
2271
3490
585
3927
360
603
4066
4278
4153
689
3925
1599
468
1315
1147
1686
2334
1222
1714
2080
3937
3779
1099
2929
4428
4330
795
2600
2706
3568
557
4529
4605
315
1604
926
2181
3776
3036
602
3111
1103
3365
1592
67
157
2005
3053
1959
1980
3699
4536
1648
2784
344
1352
3030
442
3935
2205
3582
1636
4185
505
3260
3274
18
4592
2248
646
3297
1930
772
47
3101
4144
1929
2734
3381
1485
4155
3133
1773
3197
3809
1637
3249
2946
1045
1211
1252
1010
3209
1627
3979
2302
1260
2348
1885
128
4457
1054
3609
1257
1105
1925
1541
2434
3981
4320
2055
1845
4553
3943
3710
1301
2132
3587
3640
4477
3453
1263
3309
2506
3867
767
4056
1030
3275
3573
4624
2249
1857
1512
1709
2871
354
2213
1543
876
4531
2209
2597
2297
4321
884
490
2876
4255
4599
3862
1142
822
3956
665
4277
2955
990
327
3938
139
2944
2622
3210
250
342
3599
3179
2390
792
1000
2628
441
1302
1314
2583
3641
916
43
4148
4166
2128
4449
270
4160
3845
511
475
532
3971
1323
893
267
233
4060
2330
4541
2064
287
733
512
810
3353
3335
3304
3462
1679
815
828
4323
279
1844
2298
2403
3952
4571
2840
1883
2079
166
3167
2814
2697
4005
3985
3160
3992
2588
4286
1578
3688
309
1827
3217
3082
3877
1981
818
2902
1779
2808
3782
1539
1758
3154
1538
1165
892
970
3653
4098
1188
3846
2569
3050
4499
2441
3382
77
1417
262
198
2288
721
2220
3011
3871
3281
3940
431
2429
950
3157
1617
4380
3562
106
2133
1226
1039
2522
4076
3493
513
1725
3294
1678
1822
3618
633
2677
3795
1964
1339
3703
4106
301
4030
4256
1817
2642
3368
1993
310
2783
2235
1322
3476
4341
3270
4612
4222
2564
4102
1588
2342
1753
1096
904
642
4224
3997
3690
4164
2430
593
4070
2563
260
3112
3423
1966
3502
3022
3067
3759
2966
2416
2801
4604
1570
2653
4178
1840
1247
2001
2468
2408
2668
3720
986
2082
4052
2632
3083
2424
101
4062
2043
1486
594
946
1901
1258
1683
4301
2158
1455
506
1453
3761
1205
3817
2109
1175
4441
3457
1251
46
3312
3340
2567
3099
3648
147
2572
3470
4282
2073
1786
2084
3692
3637
1145
2241
3504
2190
312
3491
2410
4244
1192
3735
3855
4309
2014
3792
152
4154
1611
3098
1381
1639
2090
407
2053
55
3233
1677
987
1067
3772
2559
1304
4112
1335
3438
2674
1665
255
1279
3578
2147
2941
1801
3540
915
4470
2521
3957
335
551
3673
2114
1716
1942
3103
2029
718
3585
3256
140
1880
1097
1029
2935
2918
4452
583
1841
91
930
4418
3156
1628
102
1866
3019
1884
4177
1416
1155
2326
2144
2233
2704
208
1193
4284
724
1007
19
2516
1316
54
1859
2295
1088
3744
3924
4147
2313
1537
3449
3592
750
3315
1126
2130
2170
4068
4173
2037
2979
4097
1350
2482
1568
3425
4136
1345
3411
3320
1558
2737
1146
2262
4382
4378
38
640
3572
2698
1076
2844
3757
4310
339
1528
2363
4434
2207
293
2366
1676
2765
1113
763
2238
4517
978
3245
3474
2168
1661
3258
4425
3183
811
2582
479
3564
974
1295
726
1421
4082
4017
4466
4344
1008
4338
1228
3475
2456
434
3480
2267
4546
3328
2320
3810
2113
2861
2914
2279
4304
2316
4360
2529
561
3188
205
1682
4172
1516
3575
3994
2395
2656
658
2638
1619
2291
3140
89
644
760
1050
2225
823
1234
3920
1893
3669
1520
4055
4092
143
785
2050
2680
4109
1864
2156
2862
3212
3773
171
412
3177
416
3866
1294
3967
4372
364
2398
4190
740
73
4101
4152
1265
2208
2360
1988
3598
4202
2426
3495
1492
2202
1216
4140
3916
2099
1565
2978
1998
3159
4217
2356
3049
631
4016
3013
4502
3818
1080
1405
632
1456
2035
3222
1851
4243
3003
1802
2229
178
498
2388
484
3797
4123
2246
3378
4042
877
1166
1689
1340
273
4184
759
2218
1597
1356
2821
1249
3094
1598
992
2093
2515
3178
3492
4459
1843
3814
1466
319
184
3651
3605
3576
3469
3754
3389
2028
839
3357
4247
2792
539
1154
801
2245
3370
1135
210
3807
2512
65
863
3844
3551
4572
1132
3069
3941
1026
2328
341
3995
875
1506
3168
372
2624
2990
2259
2568
4231
889
4313
3482
3907
1325
2402
1579
96
4371
3250
2637
4516
4453
129
2561
2119
1635
1985
4560
3464
4134
1398
3838
370
1788
2504
2773
2116
4246
1820
994
881
737
231
377
1413
2910
3930
432
1361
3042
3771
1378
1591
1143
2643
172
1876
2654
3296
814
4007
2266
948
16
2026
2020
3966
367
1406
3176
2932
4396
4589
4054
3626
4268
1848
3998
4619
3459
4004
1935
3833
1624
3032
4139
542
2851
2725
2454
1459
1668
1903
552
362
549
3018
4587
3812
2988
81
3448
2836
1730
4495
3921
355
3347
2936
2083
2449
3517
2690
3481
554
3004
693
4001
2834
649
4573
1333
3834
420
2641
4035
4303
1229
1089
2780
2754
2746
4424
3826
4058
2305
960
3313
1164
371
1306
3804
3613
1575
1484
2548
4395
1858
258
769
2061
4274
2018
4209
4200
114
1816
1594
957
2973
2289
3875
3402
679
2325
56
3300
1435
435
1057
3203
155
3723
2883
3409
1016
60
2077
782
35
428
4609
1650
3358
1060
358
1123
4594
4490
524
1200
2785
4084
265
3257
1585
1664
1968
3363
1518
3586
734
3725
2514
336
2596
4324
1156
887
3020
494
580
1970
3716
3972
2479
1189
3277
2652
1133
212
3978
1064
3293
75
747
1312
4298
1031
1004
247
1595
2159
1500
1919
186
3784
2015
2716
2845
3384
2056
3610
1622
3694
1075
3633
4327
2341
1781
2422
1655
3153
32
2182
1124
3763
445
4300
464
2503
3267
4611
3047
2179
1681
2314
1809
2800
3215
1946
3570
2581
243
1704
401
2032
1984
3543
4141
4603
3750
2695
3388
3549
450
1227
4018
1659
4059
2333
471
3802
2819
1297
1348
1674
3583
2352
1787
2919
2809
1833
611
3621
1407
2474
3232
373
4033
3062
4151
4085
2122
3954
3664
4026
3646
2726
3092
2321
2991
1218
1776
1498
3113
4335
4354
2097
1729
540
110
1631
3485
510
1613
1995
1623
2045
2092
3163
3317
4041
3372
1719
1607
1812
78
3712
2317
1996
4021
2874
313
3853
1307
3399
4408
911
3478
697
2386
466
1019
363
3911
1842
1153
1344
1360
4280
2069
3142
4215
4588
1524
1034
2733
4627
3577
4628
3756
83
79
3359
3136
662
1439
324
919
1440
754
3993
3698
2253
2376
808
1510
3244
3105
4069
2576
3329
656
3070
1921
1442
749
858
1803
3752
4579
3977
844
833
2927
1614
3356
213
2520
1130
131
3087
439
4622
4288
2421
2524
3467
2952
1609
853
448
4386
4157
2177
699
1727
103
4260
3132
2832
523
3017
1102
1821
1415
165
3
3308
3666
907
2662
2397
4248
3542
2419
3189
1860
3901
3324
2555
3672
3383
1741
2499
395
625
695
947
761
3430
2739
2311
1383
2228
1443
2894
2831
1401
645
4472
4000
3706
4580
1882
771
4405
51
2598
2541
2649
2822
4096
1375
1121
4435
3041
1035
2451
2286
2145
2827
1250
111
3268
3684
183
2517
3316
613
3959
4088
1706
1557
4552
1711
1178
2129
2532
397
1291
3661
3458
1630
3096
2993
4254
1289
4053
3412
1743
2136
3747
2086
3822
3903
3748
571
4631
4362
4022
2982
3366
2309
3338
4523
4427
1534
4413
2647
1874
356
608
2742
239
3271
4561
282
2167
4329
3944
3437
1814
2799
4086
374
3525
4510
3115
1937
1321
1125
2511
1527
3869
3206
1369
729
2458
2495
1391
4394
1408
3272
3137
4433
3741
3239
2915
3344
2264
382
3749
4204
4558
4110
2589
1502
2538
4358
1320
4264
1233
2236
4020
681
4002
1274
2789
2364
3286
3523
123
2634
2922
660
1796
2579
2303
3102
2710
1960
4345
230
901
1181
765
1409
4193
2428
4169
1745
2912
3336
787
2149
4460
4416
4114
421
624
3899
2925
4130
4601
1873
2614
2338
2138
798
1870
2007
2571
626
495
3631
4211
1616
1782
2206
1890
790
2557
7
2414
3931
3863
3390
4496
2276
2960
4168
417
3278
742
2127
1214
492
3593
1909
1169
2608
3000
1342
824
3839
4225
116
3668
1481
1904
3216
4520
4381
4483
3836
3914
4564
3799
1024
2461
592
4120
4281
2022
3980
1107
3825
3226
2508
3420
1797
4077
127
4276
4437
2437
403
150
4549
2394
1437
3904
1629
2444
2442
62
2336
2256
2544
2400
95
3697
3643
3109
3557
959
2191
3461
3230
4105
1576
3632
4115
3590
3285
2153
236
3676
222
4497
2393
1810
120
1685
2636
4632
2380
3134
2639
3883
193
2283
181
2676
389
968
627
1545
669
4143
3330
3891
2738
4545
3454
1365
1394
331
4006
614
1286
3965
3078
266
3841
3110
3973
1932
2199
2593
3190
1807
3724
225
4250
105
2413
1508
4595
630
2731
2068
870
2290
2098
1186
2963
4038
2489
1891
1755
1926
707
2186
4265
2870
2349
3730
284
3306
920
4176
2392
2354
4614
922
4430
1402
4501
2469
2273
4108
1546
617
1092
612
885
3444
777
1638
3252
4363
4522
28
3280
3604
3393
74
4078
3505
3143
2609
2227
2002
1584
1517
3148
1072
2691
1799
2820
2633
3958
3404
4410
3246
2684
115
4505
4235
3702
3596
337
2687
4142
1973
753
1938
673
2712
3511
1201
424
3715
664
350
447
709
1924
1221
3922
2766
387
3547
1337
3205
1608
830
4375
3418
1734
4621
4581
1006
400
1253
21
1305
237
3107
3665
671
845
4223
1353
4478
3451
869
3686
604
3868
902
2904
1747
3310
2051
4047
3928
2757
4615
696
1179
4475
2173
1090
848
1769
3808
3745
605
174
2269
2463
100
1243
741
334
2908
2881
3292
3463
2987
4043
4455
1468
1838
3123
3674
460
1562
1975
3290
738
1438
497
2750
3945
375
1209
404
3778
2467
93
3513
3204
2221
1849
827
3187
343
2683
2786
2547
3146
691
0
1582
1707
2021
3221
3591
2003
1131
4439
3717
2304
4384
2375
3395
2261
1731
1159
2120
4467
2685
1671
4445
3273
1971
2296
736
4122
4099
837
292
698
3969
4590
4575
1963
2274
3441
1868
2387
2671
3516
2502
3988
3999
63
1384
650
1967
112
3024
804
577
126
3331
3793
1400
851
4406
3057
2665
4103
2995
2679
3893
2977
1053
4606
2405
3860
153
2391
2353
2660
4377
280
4562
3821
3128
1479
3811
504
903
2040
1672
3751
550
1862
1805
4547
945
3642
4259
1690
2107
4554
3125
3398
449
2903
941
1020
1532
1847
4011
3898
437
3445
739
2867
3291
586
2989
1028
3279
3208
4557
573
4040
647
595
3396
1308
4519
281
732
2763
2999
1908
3085
1111
2195
160
2798
3165
952
4232
1331
1219
606
164
1040
3968
209
3612
329
2546
3929
4297
1429
433
860
4370
967
3729
3486
3734
3623
4608
3413
3695
2813
908
2562
4317
146
3361
1777
3186
508
4419
1561
4272
2852
168
3419
1392
2257
2237
136
894
197
1483
1792
4555
2850
3116
2389
1447
199
3611
3466
1823
1795
730
3886
4393
2121
3465
807
2595
2997
1198
4403
821
2711
1241
4051
4528
623
4075
1162
2603
2775
3781
4387
1740
2282
3026
4163
24
216
2860
1910
4089
3421
4262
207
3510
2322
591
1720
1863
525
2335
469
2811
928
1896
2721
1469
2934
1913
956
1488
25
1134
2197
3224
1552
1645
2937
3533
2646
2187
3854
2371
180
1434
3912
3091
2344
3298
94
770
637
2536
2492
1208
275
1152
307
2059
4182
2610
4305
2787
1987
931
4226
3455
2418
2431
201
2965
2023
4464
973
1634
2435
816
1954
3762
256
3678
1472
1605
560
4469
2957
2767
3299
1684
1167
3918
1204
1071
4420
2251
4180
2681
2956
1589
2659
2446
4187
430
3191
3942
2105
4009
4071
4353
3114
1641
4484
4369
756
3560
3622
1956
4596
2176
802
1207
2930
3531
2723
151
2292
714
544
2745
3337
423
3219
659
797
755
2008
99
2496
1871
2046
2163
2893
537
1701
2897
2222
2135
2599
705
3468
4373
1033
3264
1653
2607
2732
