1530
3613
1446
2864
2577
2925
553
3494
1955
728
768
1005
3539
3322
748
3326
2166
1380
248
1633
879
2103
3410
3008
196
1952
189
2896
118
1282
2243
643
3343
2910
2663
989
1059
977
2772
1621
2111
3006
3370
3391
3595
1269
2802
880
3135
1364
910
955
2980
2277
3581
1953
2973
398
572
1246
953
1174
685
2920
2563
2703
3380
2513
326
3634
3477
965
710
2004
182
2262
1084
2566
1326
2479
3038
2332
1831
3474
22
3465
764
482
3528
2147
302
634
871
3638
1281
2307
840
3347
1268
2288
1525
598
635
3570
2959
124
2132
688
202
1225
2509
3612
1248
998
817
2270
3620
2178
1529
2359
1587
2144
1555
719
92
2768
2219
2482
30
2470
1427
1493
1958
410
1875
793
3071
2829
1839
1223
1237
2574
1290
1853
2901
308
418
49
861
2350
2017
2661
1140
2821
1939
3098
581
2653
1878
296
1806
2285
716
3485
1818
3223
2575
534
3605
1357
569
2048
3161
2940
1387
1450
3009
3401
3398
706
533
1127
408
3233
1647
2588
1069
3240
306
10
14
3548
489
4
170
2670
2722
1499
565
2101
2174
1549
1976
2785
3281
1377
3553
3206
1961
3478
481
526
2379
2306
2468
3149
1783
1856
615
1845
290
983
2001
2079
938
3519
452
663
895
3148
402
836
1698
1477
2964
1798
66
188
3081
219
380
218
1422
1284
1923
2667
252
900
546
2194
3616
2240
2244
491
1590
2030
15
2223
2714
457
654
2044
1981
1119
226
2963
3566
1503
692
234
2039
3533
463
1489
2473
3320
1749
1287
1093
2027
1829
2438
3112
2308
2727
3418
3524
1465
2196
177
2430
436
3092
64
914
514
2984
1603
3049
2275
1212
2630
2861
1825
1695
399
918
1709
3295
1713
686
826
3016
1196
3444
541
648
3308
1794
725
543
1813
1363
276
2299
1100
1338
3156
1646
3275
638
1109
1419
2905
582
191
883
2889
2366
1615
2526
383
3456
1068
2294
1965
2677
2746
3363
3390
981
263
3328
71
1370
1950
2883
169
558
668
3429
3480
776
1917
1644
3466
159
1959
3354
1273
1009
2632
1390
1649
316
2038
3239
3384
299
924
156
195
3473
5
841
1078
1714
2395
2628
3580
1945
369
104
1979
1519
1313
1643
2561
1197
3204
2885
712
2348
2845
3516
1047
2112
1332
2643
361
2584
3532
1110
3087
891
2013
1969
351
2453
3301
2398
57
2832
1637
2725
2465
958
3435
3604
1094
211
2090
1771
1015
3047
2424
961
322
2581
1232
405
3441
1095
1669
2666
1708
2279
2106
2716
1535
338
483
2190
1051
2824
138
2019
305
3356
868
1311
2131
1137
2250
1044
1982
3201
461
3375
1379
1385
1420
1373
2657
548
866
2055
628
2602
330
1737
2475
3518
17
1702
935
2110
796
2688
1150
825
2764
1414
3168
1680
493
2114
3032
3302
2873
3549
289
979
3244
2049
1819
2739
570
1358
1626
2539
3046
2459
1013
2708
1573
2640
1693
576
2312
678
1180
1658
23
2410
1612
1513
1431
2631
1757
1270
427
1490
2067
1850
1663
1037
217
670
3001
1989
1324
2969
2540
2267
1763
1491
1654
2377
1014
2327
2284
2412
882
641
2549
2072
1280
3340
3196
1077
559
1501
3110
385
1673
2968
2909
2876
3246
701
1448
1789
2673
3419
1854
1478
2941
1504
2859
422
3348
2330
944
3101
1475
2
3183
2678
70
3048
3628
527
2484
179
1606
1467
2531
1171
2310
109
687
3475
1285
1951
3139
154
488
317
2514
3561
1139
2494
1885
2718
2981
589
1432
1101
578
2125
999
1330
1835
2065
2231
1328
3036
1785
1754
2012
1032
1791
2971
2993
3305
2780
531
2735
2921
1368
788
3094
1642
2724
2212
1276
2871
3078
3629
3054
3499
3104
2720
3271
1887
536
1157
2838
3163
2982
2313
2183
758
2124
704
76
3353
9
3289
2207
1023
618
3214
1571
1423
69
2808
29
779
1888
867
3097
2537
1770
1804
1869
2635
1220
1327
2287
1151
3471
259
3282
1087
2200
3630
2706
347
1717
898
1161
1898
1043
1428
3324
1811
2846
2246
896
229
2702
349
2272
2705
547
874
2128
2115
228
37
1462
2856
3576
1554
2611
890
675
596
3508
235
727
2975
1236
1572
3502
2370
1288
3355
1148
2293
1349
137
2953
1666
2331
353
446
175
2596
991
1947
751
856
940
3157
2573
530
1824
245
2456
1496
242
1242
1424
1347
2597
3594
1733
2927
666
2345
3035
3023
1021
3631
2954
1070
2624
2271
53
2966
3262
1184
791
1367
1991
3051
1426
2990
2943
927
3290
3070
2052
3567
149
2672
2621
2302
1267
332
2887
852
2865
1994
503
1697
320
2890
1544
3202
1768
3498
3164
2986
1540
601
2650
98
2923
1299
923
40
1474
2737
3534
3117
113
674
934
454
1002
2441
722
3540
2682
1256
3496
411
1636
3176
122
3406
1675
2175
3248
396
2696
1182
1254
1922
702
2010
406
652
1691
1108
3607
2486
2203
3451
529
1696
1931
3619
2230
3459
2118
3121
2109
2066
711
1715
2694
1852
564
1444
44
1098
2104
3336
1756
806
1832
3103
2407
3067
3144
425
1511
2736
2085
1376
600
2843
2161
1038
783
3316
3338
778
984
2448
1397
745
2406
2031
1736
1310
847
3313
1742
3319
1239
82
746
1652
1120
995
3599
141
862
1118
1523
1336
507
2700
1943
2213
121
3211
1341
2057
3141
3184
206
2626
1476
2490
1762
269
3536
2521
850
135
2483
849
820
886
1386
414
2192
2488
3000
743
476
2983
3180
1487
762
988
2337
2358
271
2759
1738
1790
1625
1592
672
1283
655
3562
2423
1271
700
2254
3137
590
2812
2297
314
119
1593
1300
3198
3134
1559
1944
942
3286
1262
831
215
392
27
1266
752
478
3428
2134
909
2497
2060
619
3603
3014
3615
2034
132
283
2073
563
2209
921
2857
969
2510
913
1396
1784
2058
2529
723
3177
1627
3339
1027
597
1436
1061
997
1547
2875
1586
2623
1255
653
1872
2553
2062
2204
667
3344
878
241
340
1836
2320
1505
3265
2328
3075
1752
2064
2472
518
2404
1403
766
3609
3037
1980
906
2205
3171
1303
838
268
1049
2315
3476
2594
107
3045
2769
1081
2530
731
1999
3241
238
1897
3492
2224
1275
3367
2879
3387
1997
1700
3291
1158
2506
1388
912
204
190
487
2447
438
244
609
2198
3479
2717
1183
2016
2994
2548
1410
108
1079
1354
1602
426
3452
3287
2158
1355
943
2545
1296
3564
3010
812
459
1599
933
303
2415
1138
676
2184
144
1463
2615
2160
41
3463
1264
3342
2343
1371
1692
2776
1694
1359
3285
1449
1780
390
3377
1857
3420
3145
251
1739
357
278
3426
1457
232
610
2367
2249
328
937
781
2088
68
993
1190
3369
1224
1362
3618
2590
1972
1929
3088
2295
2800
1651
1772
636
3482
784
522
1670
2734
2000
3309
3140
1083
1017
1983
1533
1374
1244
2493
145
8
2087
2762
1748
162
2692
1567
1106
2817
359
486
1187
13
1231
1808
2074
379
1732
1928
2193
757
1063
2902
3258
3505
1055
3082
1902
966
2454
59
2752
963
3189
1074
3422
2773
2130
2525
3583
3243
2570
440
2137
477
3283
1117
715
1846
2355
3185
6
1372
125
1861
708
1728
1765
391
2361
220
985
2686
1238
1041
58
568
813
2795
2291
703
3099
261
2466
2874
2439
1293
1173
3077
1136
717
1025
384
588
1581
2462
3491
3296
1775
1604
3063
855
3018
3621
3257
3542
3260
2054
1056
819
3043
2165
2822
455
52
2862
20
1418
3358
2695
194
1213
1766
1086
3292
1217
264
3151
2638
1454
1751
2962
3333
2726
2809
318
579
1895
1826
2567
48
1992
803
3450
223
585
2869
3535
1235
3203
829
2356
2952
689
2210
964
468
1315
1147
286
1222
2426
2450
1482
1936
1230
97
1099
2326
3143
3159
795
1583
2931
285
557
2241
3454
2082
3587
315
1867
926
133
3445
2622
1724
2617
602
1990
1103
1399
2436
3388
949
2300
2123
996
2569
1458
11
3349
3571
2433
3522
2108
442
1721
2645
157
3538
3526
505
1245
2797
2278
18
1710
200
2501
3446
1452
2301
646
2697
1521
772
47
2891
2552
2233
3437
1199
2831
1485
1430
1632
1553
2792
1001
2188
897
1062
657
2164
2043
1793
1726
1252
2992
1010
3400
413
3493
254
2382
2810
1260
684
300
128
1054
3033
3028
1257
1105
846
2443
2189
3230
1334
386
651
3331
2533
3146
2740
805
3489
366
2576
2789
2445
2449
1301
3545
1764
2527
1411
3402
3392
1837
1263
1767
458
1657
2674
1211
1012
3074
1240
1934
3334
2816
1030
3170
1855
87
3193
1569
1191
1512
1949
354
1018
1620
3608
3421
3015
876
444
161
2347
249
3147
980
884
3162
3514
2402
173
2765
3617
1881
822
3379
665
2075
42
3131
2381
3020
158
139
2041
574
1618
2699
3150
3058
773
3188
3442
2242
342
792
1000
2644
441
789
1302
2025
2078
3213
535
3276
916
1382
2733
43
2385
2928
1507
80
3381
270
3510
2268
511
475
532
3311
1323
893
2181
2047
267
1509
233
2819
2664
2324
2535
287
1091
733
2976
512
810
3019
2399
1679
815
828
1261
1577
2126
279
744
1277
1687
250
2094
2481
3335
2368
2172
2840
1045
2329
2365
31
3396
864
3430
2201
1865
2357
2319
842
2781
1906
2373
2770
3252
3093
3461
2560
1393
309
2235
2142
490
818
3247
1779
2512
2627
1539
1758
3546
3288
3415
1538
1259
1165
892
970
2690
2689
2847
1188
2855
2669
521
3407
393
2351
77
1564
1417
2225
262
198
1900
240
721
2318
3627
2096
2478
3625
1058
3385
799
3293
2095
381
2946
2148
3021
1036
1210
3598
3229
1494
3529
1515
106
1703
85
1226
2823
1039
474
1195
1142
3096
2872
431
1526
513
1725
3228
1351
1678
3307
3425
633
3488
629
1656
2637
1339
3318
2680
301
345
2715
3053
1817
2933
1815
2877
2342
1907
310
735
187
1322
3197
1686
2340
677
203
3597
415
516
917
1948
344
1761
1588
294
1753
1096
904
642
3004
3175
2774
2033
2926
2263
3090
1168
593
2070
2886
260
1830
3192
832
1343
272
3449
1115
500
2779
2427
2102
2133
2888
2063
3507
1319
2917
2372
3585
1570
2998
1974
2947
1840
2226
2922
1918
2360
360
3226
620
2583
986
34
690
3253
2143
376
101
2140
1486
3011
939
1601
946
1901
1258
1683
1886
3199
2504
1455
506
1543
1453
2378
1205
2651
61
1175
3273
2396
3236
2914
456
1550
1116
2323
519
394
2534
147
2849
3109
50
72
2519
3423
1786
36
2564
2411
1145
2491
2429
142
1471
312
2655
2420
3079
2346
3040
1192
3373
1317
2216
2807
3173
1170
2014
3231
2460
152
3041
1611
2155
3297
1639
3160
2053
55
2151
1677
987
1067
2619
3497
2866
1335
1665
255
1279
1801
2457
915
3366
3102
335
551
1716
1942
2434
2029
718
2248
140
1880
1097
1029
3345
583
1841
3552
930
2913
1628
102
1866
2100
1884
2945
3072
3537
208
1193
724
3386
19
3513
54
1859
1088
2616
3582
3007
1537
2390
750
2704
1126
2234
2037
3408
1568
2374
2842
3559
2363
3623
3237
1146
2804
2281
38
3022
3593
1076
2801
3132
339
1528
2416
293
1676
3066
3633
978
2258
2408
1661
3399
2211
811
479
3427
974
1295
726
1421
2833
3280
2601
1008
3169
1228
2409
434
3397
3433
2113
2170
561
2215
205
1682
2935
1516
2480
658
3416
2180
89
644
760
1050
823
1234
1893
3065
1520
2815
2841
143
785
2050
1864
2156
2232
2620
171
412
416
2252
1294
2979
3216
364
2543
740
73
3314
2912
1265
2208
1988
1492
2202
1216
2719
2099
3359
1998
631
2788
3414
2652
1080
1405
632
1456
2035
2239
1851
3017
1802
2229
178
498
484
3245
2618
2806
877
1166
1689
1340
3568
2955
759
2218
1597
1356
3118
1598
992
2093
2572
2698
1843
2649
3563
319
184
3457
2500
2606
2028
839
3042
539
1154
801
2245
3447
1135
210
65
863
2668
2464
3624
1132
1026
341
875
1506
372
2259
889
3136
2741
2713
1325
3129
96
3122
2452
3346
129
2119
1635
1985
3521
2401
2892
3031
370
1788
2116
1820
994
881
737
231
377
2950
2729
432
1361
1378
1591
1143
172
1876
814
3393
2266
948
16
2026
2020
2756
367
1406
3255
3389
2796
2629
3073
1848
3378
1935
2662
1624
3601
542
1459
1668
1903
552
362
549
2658
81
1730
3403
355
2083
554
693
2710
649
2949
3013
420
1229
1089
2656
3490
2305
960
1164
371
3221
2507
1575
1484
3254
1858
258
769
2061
2018
114
1816
1594
957
2289
679
2325
56
3481
435
1057
155
2585
1016
60
2077
782
35
3055
1650
1060
358
1123
3573
524
1200
2835
265
1585
1664
1968
1518
2487
2853
2587
336
1156
887
494
580
3352
3182
2760
1189
2972
212
2761
1064
75
2915
1312
1031
3517
247
1595
3395
1500
1919
186
2556
2015
2056
2505
1622
2565
1075
2523
2895
1781
2422
1655
32
3107
1124
2612
445
3119
464
3596
2179
1681
2314
1809
1946
2476
243
1704
401
2032
1984
3584
450
1227
2848
3470
2333
471
3487
3303
3138
1674
2485
2878
1787
1833
611
1407
2474
3525
2799
2836
2122
2747
2542
2793
2803
2321
1218
1776
1498
3259
3195
2097
1729
540
110
1631
510
1613
1995
2907
2045
2092
2805
1719
1607
3464
78
2578
2317
1996
2522
313
2675
1307
911
697
2386
466
1019
363
1842
3394
1344
1360
3084
2069
3155
3565
1524
1034
83
79
662
1439
3543
919
1440
3235
2771
2568
2253
2376
808
1510
656
1921
1442
3436
858
1803
2604
2960
2641
844
833
1614
213
2520
3194
131
439
3095
2421
2524
1609
853
448
3238
2919
3321
2942
1727
103
523
1102
1821
1415
165
3106
907
2397
3044
2419
1860
2707
2555
1741
2499
395
625
695
947
761
2311
1383
2228
3123
1401
645
3368
2777
3554
1882
771
3270
51
2598
2541
2844
1375
1121
3312
1035
2451
2286
2145
3105
111
183
2517
613
2751
2837
1706
1557
3509
1711
1178
2129
2532
397
1291
1630
3126
2961
1743
2136
2086
2654
2709
571
3636
3205
2791
2309
3530
1534
3279
3626
1874
356
608
239
3523
3060
2167
2730
1814
374
3424
1937
1321
1125
3227
1527
2906
2936
729
2458
2495
1391
3251
1408
3310
2264
382
3025
2589
1502
3100
3200
1320
3068
1233
2236
2790
681
2988
1274
2364
123
2634
660
1796
2579
2303
1960
3181
230
901
2911
765
2951
2970
2428
2932
1745
787
2149
3212
2868
421
3222
1873
2614
3330
2138
798
1870
2007
2571
626
495
3541
1616
1782
2206
1890
790
2557
3325
2414
3404
2276
3172
417
742
2127
1214
492
1909
1169
2608
1342
824
3005
2894
1481
3448
3439
3232
1024
2461
592
3187
3383
3284
2508
1797
2828
127
3080
2437
403
150
3506
2394
1437
1629
2948
2442
62
2336
2256
2544
2400
95
959
2191
2858
1576
2870
2153
236
222
3405
2393
1810
120
1685
2636
3637
2380
2639
193
2283
181
3266
389
968
3158
1545
669
3438
3500
1365
1394
331
614
1286
266
1932
2199
2593
1807
225
105
2413
1508
3574
630
2731
2068
870
2290
2098
1186
2489
1891
1755
1926
707
2939
3069
2349
2220
1688
284
1659
920
1433
3120
2944
734
1812
2392
2354
3600
922
1402
3413
167
2469
2273
3374
12
1546
617
1092
90
612
3294
1404
857
2996
777
1638
1986
2352
3443
28
1522
1066
1911
2538
74
515
1309
2609
2227
2002
2157
1584
1517
116
2341
1072
2691
1799
2820
3304
3034
1600
622
3277
409
2684
1623
115
288
3027
1181
337
2687
46
747
3327
753
462
1938
673
2712
1201
3268
424
325
664
350
447
709
1924
1722
1221
3059
1149
387
1369
1337
754
2186
451
1194
699
2247
1608
830
950
3484
2444
1734
1413
1409
3614
3218
1177
3174
2006
1253
2477
21
1305
2814
2440
2298
3133
671
3411
1941
845
694
3003
1353
1133
869
604
834
2978
627
902
2904
1747
2748
2051
2757
3602
321
696
1179
2778
624
3372
2173
1011
1480
1090
848
3050
780
605
174
1202
2269
2463
100
1243
741
334
2908
2882
1705
2881
594
2987
1333
2214
3520
1551
3039
1542
3089
327
1933
640
2152
2042
2863
1468
1838
3527
460
1046
1398
1562
1975
2633
419
738
1879
1389
1438
497
2750
375
975
1209
3207
404
2467
1425
93
1769
2221
2738
1849
827
428
1889
3127
3376
2766
282
2899
343
2683
2786
2547
1113
1574
691
0
1582
1707
1416
2021
2003
1993
2974
1131
2304
1247
3234
2375
2150
2261
3632
1159
2900
246
3611
3267
2685
1671
929
3329
1461
1971
365
2296
736
26
2884
1441
3458
680
3556
1250
3
2182
837
2403
292
698
1048
3357
2417
3547
1667
1963
1249
2274
1298
1868
2387
1443
2671
603
1289
2502
63
1579
1883
990
1384
237
650
1967
112
3024
1348
804
1556
577
1834
126
3056
3242
3317
851
2742
2185
3057
3272
7
2550
854
2995
2679
3460
2977
3306
407
3589
2405
153
1566
2391
2353
1004
2660
3225
280
3365
3579
3128
400
1596
1497
2516
1479
1800
2009
504
2582
3064
1744
903
2040
3250
1672
550
1862
3432
1805
3278
1130
945
163
1660
1690
2384
2107
3166
3511
3572
1514
449
2903
941
2834
3434
1532
1847
437
1314
786
873
739
2867
1006
1844
586
1306
2989
348
2471
1028
1163
2511
3208
3515
1541
2701
573
647
595
2938
1251
1558
1308
470
800
281
932
732
2763
2880
2999
3315
1144
1617
3085
3256
2503
584
2195
160
1111
2798
1915
3165
859
952
3323
1331
1219
1215
2676
606
164
2154
1040
1978
2665
3483
329
2011
2528
2546
3504
1429
3362
2141
809
433
1107
2091
860
274
967
2758
3592
2139
1346
2813
885
556
908
1381
2117
2562
509
2388
221
1297
146
1777
1053
1822
3186
2851
508
323
1561
176
2852
1908
168
1400
3557
1392
2257
2177
2237
136
1470
3152
1278
1973
894
197
2338
1483
1792
2084
767
2280
2693
2081
1112
3512
2850
3116
865
2389
1085
1447
199
429
3610
1823
1795
2924
1970
730
2967
297
2121
807
2595
1565
2997
1172
3462
3469
821
2711
1241
1563
3453
623
1445
1718
1162
2260
1640
3083
3467
2603
2775
2749
1022
1750
291
2022
1740
2282
1007
3026
67
24
216
2860
1910
2783
1153
2159
166
3555
207
2322
2089
591
1176
1720
1863
525
2335
469
1350
2169
2811
1531
3300
928
1896
2721
1619
1469
1141
2934
1913
956
1488
25
1134
2197
925
3224
1552
2744
843
1645
2937
2646
1020
2187
749
3332
3052
2371
180
1272
2498
1434
607
3091
1352
2344
1904
3341
1899
3298
94
770
637
1304
2334
2536
2492
1208
1395
1578
1198
275
2854
1152
1206
2080
1104
307
2818
2059
872
3115
86
2826
3108
2753
3130
3113
2830
1435
2610
209
3220
2787
1966
2642
1987
2171
2782
931
2146
2425
130
1723
2071
3455
954
555
2418
1930
1536
2431
201
2965
2023
368
973
1634
2435
816
1954
1316
1905
256
3269
3167
1472
1699
2217
1605
1329
560
1877
373
2957
2767
2839
3002
3299
1684
1167
2024
1204
2916
972
1155
2036
3588
1071
3012
774
324
2251
84
2681
2956
1589
2659
2446
1920
91
3154
430
2827
3191
2339
2105
1345
257
888
3586
1466
3114
1641
388
2383
273
756
3560
1925
3125
1956
3575
2176
802
2076
1207
2930
3531
2558
2723
151
2292
714
2591
544
639
2745
3337
3360
423
2958
3219
659
797
3606
3249
2008
99
2898
2496
3503
1871
2046
755
976
2163
1940
2825
2120
2893
537
1701
2897
2222
2135
2599
3558
705
2362
3468
2648
3544
3142
2647
1828
1778
277
1033
3431
1731
763
835
3264
1653
2607
2732
