3723
2853
3112
2308
192
1148
2448
961
499
3502
1869
3625
1771
635
991
1184
2925
2427
3604
2205
3035
615
1059
977
3694
3539
1733
1773
1424
3481
1713
2734
999
3138
3740
2894
3214
3260
825
2518
751
1464
224
185
1694
776
817
3600
3199
2674
2235
3559
690
3301
3061
3233
489
685
482
1714
1815
2295
2039
891
3265
1603
720
1489
2828
981
3028
871
582
3599
3004
2198
2501
517
452
3681
148
134
1593
3181
3653
1867
481
2203
3053
1328
2655
418
1793
3423
1078
3062
1098
3540
1284
3655
1999
1094
3309
748
2346
1268
1254
3336
3610
2320
1448
196
2669
2697
1686
189
118
2070
1560
3245
2791
3177
2476
227
3397
2866
2923
2459
3772
2856
1087
2128
1784
3580
841
2805
2426
666
2751
453
3241
940
1965
3575
575
226
587
2302
2027
3670
3490
545
1934
3639
182
2230
3656
2688
3010
2588
3350
2910
229
3634
22
3105
879
302
276
3504
1460
899
2358
3000
304
3322
638
2189
3370
2875
1023
526
3692
1643
2285
661
3023
3568
1487
883
2062
1989
910
2982
1625
3616
3576
326
1069
1945
3722
2602
3097
124
528
3071
346
202
1654
538
2606
1412
900
3676
3686
1656
1242
1947
1473
1151
2569
2840
501
2578
1949
1287
1299
2799
92
3631
2680
496
3206
2817
1239
30
562
3396
3102
3189
1451
2552
85
3551
3500
463
1906
3136
1465
3235
1318
352
1410
953
1861
308
543
49
1013
2617
2632
2590
596
1583
1850
1292
2877
1669
713
3609
675
2556
1009
2017
621
1236
599
436
296
2281
918
2396
3066
3022
1692
3635
480
634
2797
3758
2976
1992
1377
443
663
2142
485
2455
2034
1174
3213
3077
2717
1580
3555
1343
2270
1808
3666
3776
3356
2886
2726
3316
533
2000
1368
306
10
14
1735
402
965
4
569
530
938
534
2491
3344
473
3321
1431
2224
3104
2551
1764
2038
1927
2616
3784
1979
2960
290
1710
2443
566
979
1955
944
1462
3451
66
188
219
380
218
3005
1612
252
1310
3025
472
15
890
1032
2275
706
2727
3728
3432
2696
234
1533
36
572
1388
2983
2366
3720
1428
927
3311
2843
951
3221
177
3017
64
2615
1852
2994
2124
399
3570
1894
1290
1285
2416
2359
2140
1519
1120
1798
1446
3039
1313
1015
3040
2457
191
688
3785
1548
1762
3197
383
2883
565
1363
3307
1572
3594
2848
3518
3546
3122
263
1547
3101
71
712
1980
2968
169
648
3135
867
1749
914
668
2812
3159
159
3668
2200
3373
553
1886
840
3632
2644
3488
2488
316
2705
3718
3388
1115
643
299
1051
1662
156
195
616
3783
2118
5
2621
1180
1095
3170
3637
1068
1273
369
104
2095
2928
3013
923
936
2473
2530
3020
3295
826
3038
836
2183
2404
1550
1139
1505
2211
982
2258
361
3649
1275
2559
3230
2065
2249
519
3798
1367
351
3239
2504
3090
3126
57
1276
2131
686
677
3119
2016
1073
2445
2411
2724
1280
211
2735
1044
735
2133
3381
2542
2780
322
2047
2030
3516
1387
898
405
3472
1281
2055
2330
896
2390
1150
2887
2060
338
483
1380
1002
719
1974
138
50
305
775
3355
2347
1944
1746
3456
2180
2429
376
1359
461
2487
1504
2673
1549
3771
2729
548
3469
245
628
895
330
3014
3513
955
17
1262
1831
3375
1122
2209
1757
1767
1109
710
1065
1267
3640
1266
2785
1953
493
3478
2585
3545
1357
3425
289
683
3343
3775
3617
1990
1649
570
692
2054
175
1237
3460
3680
3045
2836
2172
2765
2737
3693
1128
576
1371
678
1366
3389
1005
1663
2955
23
674
2699
1379
2746
1449
1675
3657
2583
3475
1390
427
764
1114
3131
1708
2895
3092
3326
217
670
1338
1759
3449
3243
3107
3313
728
939
1922
1626
1806
1420
3060
2439
2650
1765
259
861
641
962
2250
3664
3522
3342
3441
1246
559
3642
3006
3253
385
882
3258
3044
1789
3137
701
1037
1736
3556
1185
2190
1256
3669
1526
1493
917
3741
3780
422
3259
2468
2271
242
1573
1610
2
2917
3534
70
1826
1499
1601
971
527
794
2604
179
1752
3037
3007
2162
2694
109
687
3688
2331
1084
3411
154
488
317
1082
1093
2952
1467
2857
2255
1101
589
3766
3702
578
1700
2707
3111
1742
3094
1982
3435
2410
3176
2184
3578
1330
2993
2486
983
1652
1697
1615
2796
1327
531
1943
866
3663
2670
788
1857
3628
880
1140
2310
1396
3794
2219
3793
3194
3660
2066
1715
34
1881
536
2316
2067
2318
3308
1951
3535
2424
2057
2215
1203
3106
758
924
3324
704
76
3507
905
9
3492
2315
3795
1118
618
3754
3782
3586
69
2939
29
779
3479
3225
1897
1794
3485
1929
2493
2044
1785
1336
3031
2398
2816
2415
3662
1129
3244
1872
874
1269
3237
2871
1702
2409
1476
1349
2944
349
1950
547
2819
228
37
1283
3739
1695
235
1760
3509
137
2101
3255
353
446
2462
1898
832
856
3016
3564
1917
2574
1014
1427
1161
1362
3439
1288
3329
3175
1116
2768
2714
2381
53
1670
3412
2234
791
1491
2329
1555
3440
2703
3156
149
1232
2855
3756
332
852
2041
503
320
3338
2793
1003
3399
3659
3124
601
3591
98
3528
40
2293
2148
113
934
454
2864
722
1108
1376
411
1324
1632
122
2438
1895
1666
2406
396
2822
1100
2560
1471
516
702
1691
406
3491
652
1845
1772
1110
3770
2373
1642
1571
3781
529
2480
1888
2075
2204
1969
3074
1474
3318
2048
2161
711
1544
2345
3695
564
1347
44
3059
2942
1939
3408
806
3217
3246
2447
2842
1137
1475
425
3592
2971
3697
3407
1326
600
2975
2012
1038
783
3786
1351
778
984
1892
2005
745
2522
1606
2291
1171
1432
847
3511
1364
2715
1358
82
746
1804
1225
995
2125
141
862
1223
2709
3526
507
3554
3021
1332
1196
1754
121
2019
2365
3161
3285
1902
206
1370
2792
3078
2756
3164
3589
269
3698
2641
850
135
2004
849
820
886
1511
414
1311
3542
1300
743
476
3163
456
1414
762
988
2078
2970
271
3036
1436
1952
1775
1738
672
1503
655
2399
2741
2554
3712
700
2868
3650
590
2943
1621
314
119
1739
1422
1770
3278
2160
3198
1197
2262
942
3436
1900
1182
831
215
1525
392
27
1386
752
478
1693
2677
2821
909
1832
2155
619
2549
3557
2288
2134
132
283
3567
563
1385
921
2990
969
1212
394
913
1523
1397
1830
3645
2485
723
2931
3792
2823
2085
1027
597
1567
1061
997
2979
3009
1373
3109
2188
653
1916
1651
1646
1426
2312
667
3497
878
241
1255
340
2423
2432
3457
2407
3415
3100
3120
3018
1457
1423
518
2689
1530
1732
766
1168
474
3403
906
2313
3690
3188
838
268
1049
3099
3251
2718
107
3185
1644
1081
2025
731
1586
3390
238
2058
2252
2332
3302
3147
2784
1602
2111
1855
2523
1158
2626
1513
912
204
190
487
1961
438
244
609
2306
3256
2845
1183
2123
3132
2668
2210
108
1354
1079
1478
1811
1748
426
3611
3437
2640
3323
943
3296
1296
2534
2592
812
459
2844
933
303
2764
1138
676
3444
144
1829
2739
2434
41
3623
1264
3495
2507
1495
1846
2174
1958
3325
1962
1581
3068
390
1540
2587
187
3290
251
3496
357
278
3584
1463
1590
232
610
2483
2231
3330
328
937
781
3294
68
993
1190
3524
1224
2103
3461
2513
2475
1912
2033
2761
2327
3708
1931
636
1496
784
522
2580
1763
2272
2984
1698
1083
1017
1403
2100
1673
1374
1244
2613
145
8
2013
1976
1907
162
3630
2360
1106
1444
2948
359
1419
486
1187
13
1231
3173
3153
379
3196
294
2301
757
1063
1658
2635
3103
1055
2433
345
966
2572
1959
59
3802
2337
963
3335
1074
2629
3117
2233
2645
3746
3392
2692
440
2240
477
3284
3433
1117
715
3710
1768
2470
3331
6
1529
1372
125
3700
708
2193
2873
391
3096
220
985
3729
1238
1041
58
568
2031
813
2926
2402
703
3242
261
2586
1928
1887
1293
1173
3289
1136
717
1025
384
1554
588
1726
1477
1972
3651
3447
2450
3536
2809
855
2108
2478
2929
3704
3410
2846
1056
819
3183
2213
2307
455
52
3252
20
1418
415
1717
194
1213
3734
1086
3443
1217
264
2573
2232
1454
3548
2151
1633
2181
2242
2940
318
579
629
1997
2374
48
1836
803
1774
223
585
3172
3691
360
1235
1647
3678
829
3371
1856
689
3118
1599
964
468
1315
3583
1147
286
1222
2915
2568
1482
2079
3210
1230
97
1099
72
3287
3304
795
1728
1878
285
557
2350
3614
1195
3750
315
1604
3162
926
133
1824
2747
2577
2661
602
2063
1103
1399
203
1592
3543
949
2622
2226
996
3032
1936
1458
11
1648
1994
344
2720
3684
2241
442
2379
2106
157
2460
1636
3095
505
1245
1977
3452
18
1865
200
3121
3605
1452
2412
646
1780
1521
772
47
2263
2672
2564
3713
2464
1199
3547
1485
1430
1783
1553
2907
1001
3240
897
2770
1062
657
1637
2239
2628
3442
1957
1825
1252
3638
1010
3757
1627
413
2543
254
3601
2941
1260
684
300
128
1054
620
2624
1257
1105
846
2561
2212
2297
3378
1334
386
651
3484
2653
3364
2869
805
2278
366
2698
2920
2563
2567
1301
3707
1923
3148
3549
1411
3732
2408
3762
1263
2972
458
1657
2800
1211
1012
61
1240
3320
3487
2947
1030
3315
2175
87
3339
1569
1191
1512
1709
272
354
1018
1620
3139
3579
1543
2126
876
444
161
2892
249
3292
980
884
2196
3648
2087
173
3581
3606
1142
822
2878
665
3767
42
3275
2497
3158
158
139
2137
574
3624
1618
1948
1885
3379
773
3334
2618
2351
342
792
1000
1837
2535
441
789
1302
3393
2132
3359
535
3787
916
1751
1382
2862
43
1766
2216
3065
1507
80
2143
270
2553
2326
511
475
532
3463
1323
893
3573
3654
267
1509
233
2950
2790
2436
2165
287
1091
733
3726
512
1790
810
3157
2515
1679
815
828
1261
1577
2299
3471
279
3366
744
1277
1687
250
2192
2466
2619
2484
3532
2279
1853
1761
1045
2064
3274
2441
3129
1991
31
3553
864
3588
2773
3596
2472
2049
842
2912
2896
2832
3229
2623
3236
3347
3621
2682
1393
1818
309
1827
2343
3080
490
1981
818
2104
1779
2368
2752
1539
1758
2807
3438
2849
1538
1259
1165
892
970
2865
2658
2980
1188
3778
2795
521
2223
3565
393
2465
77
1564
1417
2594
262
198
2806
240
721
2430
1875
3791
2194
1914
2740
3286
2494
1058
2927
799
3363
431
381
3530
2254
2510
1036
1210
3398
3377
1494
3328
1515
106
1226
1039
513
1725
2401
1678
3459
2481
633
2762
1964
1339
3489
2452
301
3193
1817
2456
3218
310
1322
2453
3760
1588
1753
1096
904
642
3789
2905
3041
3063
593
2166
260
3652
2545
2201
3034
2733
2158
3748
1570
3333
1840
3222
2001
2706
986
2082
2248
101
2244
2043
1486
3149
946
1901
1258
1683
2500
1455
506
1453
2519
1205
2776
2109
1175
2512
3384
3051
3779
2654
147
2521
3231
2073
1786
3486
2686
2527
1145
3207
312
2537
3180
1192
2324
2802
3272
2014
2759
152
2879
1611
3226
3448
1639
2090
3305
2053
55
3473
1677
987
1067
3612
3615
3395
1335
1665
255
1279
2147
1801
2675
915
3521
2612
335
551
2114
1716
1942
2265
2029
718
2357
140
1880
1097
1029
3498
583
1841
3714
930
3058
2300
1628
102
1866
3369
1884
3082
3215
3699
2144
208
1193
724
3541
19
3675
54
1859
1088
2722
2902
3043
1537
2506
2611
750
2284
1126
2130
2170
2953
2342
2037
3566
1568
2490
2294
3721
2539
2420
3385
1146
2935
2988
38
3160
2597
1076
2962
3276
339
1528
2533
2207
293
1676
3209
3797
2238
978
2367
2695
2168
1661
3268
2319
811
479
3724
974
1295
726
1421
2964
3430
2725
1008
3314
1228
2525
434
2529
2267
2771
2113
2277
561
2323
205
1682
3072
1516
2600
658
3574
2287
89
644
760
1050
2225
823
1234
1893
2667
1520
2946
2973
143
785
2050
1864
2156
2340
3306
171
412
416
2361
1294
2666
3362
364
2663
740
73
2985
3048
1265
2208
1988
1492
2202
1216
2847
2099
3514
1998
631
2919
3572
2777
1080
1405
632
1456
2035
2348
1851
3155
1802
2229
178
498
484
3015
2246
3140
3247
877
1166
1689
1340
3730
3093
759
2218
1597
1356
3262
1598
992
2093
2815
2824
1843
2774
3725
319
184
2656
2620
2601
2730
2028
839
3182
539
1154
801
2245
2804
1135
210
65
863
2794
2584
3706
1132
1026
2328
341
875
1506
372
2259
889
3280
2531
2841
1325
3273
96
2575
2570
3499
129
2119
1635
1985
3683
2754
3027
3171
370
1788
2116
1820
994
881
737
231
377
3088
2858
432
1361
2743
1378
1591
1143
172
1876
814
2914
2266
948
16
2026
2020
2885
367
1406
3405
3788
2509
2637
3216
1848
2906
2911
1935
2788
1624
3033
542
2454
1459
1668
1903
552
362
549
2772
81
1730
3561
355
2083
2449
554
693
2838
649
3087
3151
420
3266
1229
1089
2781
2913
2305
960
1164
371
3368
2627
1575
1484
3404
1858
258
769
2061
2018
114
1816
1594
957
2289
679
2325
56
3641
435
1057
155
2708
1016
60
2077
782
35
3195
1650
1060
358
1123
3736
524
1200
2966
265
1585
1664
1968
1518
2932
2986
2833
2514
336
1156
887
494
580
3506
2704
2889
2479
1189
3110
212
2891
1064
75
3597
1312
1031
3312
247
1595
3552
1500
1919
186
2678
2015
2056
2625
1622
3050
1075
2643
3030
1781
2422
1655
32
3250
1124
2736
445
3263
464
3402
3759
2179
1681
2314
1809
1946
2596
2581
243
1704
401
2032
1984
3747
450
1227
2981
2949
2333
471
2890
3454
3282
1674
2605
3703
1787
1833
611
1407
2474
3687
3317
3508
2122
2876
2713
3008
2652
2321
1218
1776
1498
3310
3608
2097
1729
540
110
1631
510
1613
1995
3042
2045
2092
2936
1719
1607
3150
78
2700
2317
1996
3647
313
2801
1307
911
697
2386
466
1019
363
1842
3550
1344
1360
3227
2069
3133
3727
1524
1034
83
79
662
1439
3705
919
1440
3075
2901
2690
2253
2376
808
1510
2954
2576
656
1921
1442
3595
858
1803
2728
3098
3070
844
833
1614
213
2520
3340
131
439
3238
2421
2524
1609
853
448
3387
3288
3474
3079
1727
103
3205
523
1102
1821
1415
165
3761
907
2662
2397
3184
2419
1860
2835
2555
1741
2499
395
625
695
947
761
2311
1383
2228
3267
1401
645
3523
3145
3716
1882
771
3420
51
2598
2541
2649
3049
1375
1121
3464
1035
2451
2286
2145
3248
111
183
2517
613
3394
2969
1706
1557
3671
1711
1178
2129
2532
397
1291
1630
3270
2945
1743
2136
2086
2779
2837
571
3800
3351
2922
2309
3450
1534
3429
3790
1874
356
608
3293
239
3685
3201
2167
2859
1814
374
3582
1937
1321
1125
3374
1527
2810
3073
729
2458
2495
1391
3401
1408
3462
2264
382
2996
2589
1502
3019
3346
1320
3211
1233
2236
2921
681
2909
1274
2789
2364
123
2634
660
1796
2579
2303
2710
1960
3327
230
901
3047
765
3089
3636
2428
3069
1745
787
2149
3358
3001
421
3127
3745
1873
2614
3483
2138
798
1870
2007
2571
626
495
3349
1616
1782
2206
1890
790
2557
3297
2414
3562
2276
3084
417
742
2127
1214
492
1909
1169
2608
1342
824
3143
3029
1481
3607
3598
3380
3203
1024
2461
592
3228
3538
3434
2508
1797
2959
127
3223
3501
2437
403
150
3667
2394
1437
1629
3086
2442
62
2336
2256
2544
2400
95
959
2191
2991
1576
3003
2153
236
222
3563
2393
1810
120
1685
2636
3801
2380
2639
193
2283
181
3416
389
968
3633
1545
669
3192
3661
1365
1394
331
614
1286
266
1932
2199
2593
1807
225
105
2413
1508
3737
630
2731
2068
870
2290
2098
1186
2963
2489
1891
1755
1926
707
3076
3212
2870
2349
2220
1688
284
1659
920
1433
3799
3081
734
1812
2392
2354
3763
922
1402
3571
167
2469
2273
3529
12
1546
617
1092
90
612
3445
1404
857
3134
3505
777
1638
1986
2352
3352
3602
28
1522
1066
1911
2538
74
515
1309
2609
2227
2002
2157
1584
1517
116
2341
1072
2691
1799
2820
3658
3174
1600
622
3427
409
2684
1623
115
288
3577
3409
1181
337
3303
2687
46
747
3480
753
462
1938
673
2712
1201
3418
424
325
664
350
447
709
1924
1722
1221
3257
1149
387
1369
1337
754
2186
451
1194
699
2247
1608
830
950
3067
3367
2444
1734
1413
1409
3777
3365
1177
3319
2006
1253
2477
21
1305
2814
2440
2298
3277
671
3569
1941
845
694
3141
1353
1133
869
604
834
3494
627
902
2904
1747
2748
2051
2757
3765
321
696
1179
2778
624
3527
2173
1011
1480
1090
848
3190
780
605
174
1202
2269
2463
100
1243
741
334
2908
2882
1705
2881
594
2987
1333
2214
3682
1551
3179
1542
3232
327
1933
640
2152
2042
2863
1468
1838
3046
3123
3689
460
1046
1398
1562
1975
2633
419
738
1879
1389
1438
497
2750
375
975
1209
3353
404
2467
1425
93
1769
2221
2738
1849
827
428
1889
3271
3187
3743
2766
282
2899
3168
343
2683
2786
2547
3146
1113
1574
691
0
1582
1707
1416
2021
2003
1993
2974
1131
2304
1247
3382
2375
2150
2261
3796
1159
2900
246
3774
3417
2685
1671
929
3482
1461
1971
365
2296
736
26
2884
1441
3618
680
3753
1250
3
2182
837
2403
292
698
1048
3512
3200
2417
3709
1667
1963
1249
2274
1298
1868
2387
1443
2671
603
1289
2502
63
1579
1883
990
1384
237
650
1967
112
3024
1348
804
1556
577
1834
126
3056
3644
3391
3470
851
2742
2185
3057
3422
7
2550
854
2995
2679
3620
2977
3458
407
3752
2405
153
1566
2391
2353
1004
2660
3372
280
3520
3742
3128
400
1596
1497
2516
1479
3281
1800
2009
504
2582
3064
1744
903
2040
3400
1672
550
1862
3590
1805
3428
1130
945
163
1660
1690
2384
2107
3166
3673
3735
1514
449
2903
941
2834
3593
1532
1847
437
1314
786
873
739
2867
3291
1006
1844
586
1306
2989
348
2471
1028
1163
2511
3279
3208
3677
1541
2701
573
647
595
2938
1251
1558
3348
1308
470
800
281
932
732
2763
2880
2999
3467
1144
1617
3386
3085
3406
2503
584
2195
160
1111
2798
1915
3165
859
952
3476
1331
1219
1215
2676
606
164
2154
1040
1978
2665
3643
329
2011
2528
2546
3665
1429
3517
2141
809
433
1107
2091
860
274
967
2758
3755
3413
2139
1346
2813
885
556
908
1381
2117
2562
509
2388
221
1297
146
3361
1777
1053
1822
3186
2851
508
323
1561
176
2852
1908
168
3419
1400
3719
1392
2257
2177
2237
136
1470
3152
1278
1973
894
197
2338
1483
1792
2084
767
2280
2693
2081
1112
3674
2850
3116
865
2389
1085
1447
199
429
3466
3773
1823
1795
2924
1970
730
2967
297
2121
3465
807
2595
1565
2997
1172
3733
3629
821
2711
1241
1563
3613
623
1445
1718
1162
2260
1640
3083
3627
2603
2775
2749
1022
1750
291
2022
1740
2282
1007
3026
67
24
3453
216
2860
1910
2783
1153
3421
2159
166
3717
207
3510
2322
2089
591
1176
1720
1863
525
2335
469
1350
2169
2811
1531
3300
928
1896
2721
1619
1469
1141
2934
1913
956
1488
25
1134
2197
925
3224
1552
2744
843
1645
2937
3533
2646
1020
2187
749
3332
3052
2371
180
1272
2498
1434
607
3091
1352
2344
1904
3341
1899
3298
94
3587
770
637
1304
2334
2536
2492
1208
1395
1578
1198
275
2854
1152
1206
2080
1104
307
2818
2059
872
3115
86
2826
3108
2753
3130
3113
2830
1435
2610
209
3220
2787
1966
2642
1987
2171
2782
931
3646
2146
2425
130
1723
2071
3455
954
555
2418
1930
1536
2431
201
2965
2023
368
973
3626
1634
2435
816
1954
1316
1905
256
3269
3167
1472
1699
2217
1605
1329
560
1877
373
2957
2767
2839
3002
3299
1684
1167
2024
1204
2916
972
1155
2036
3751
1071
3012
774
324
2251
84
2681
2956
1589
2659
2446
1920
91
3154
430
2827
3191
2339
2105
1345
257
888
3749
1466
3114
1641
388
2383
273
756
3560
3622
1925
3125
1956
3738
2176
802
2076
1207
2930
3531
2558
2723
151
2292
714
2591
544
639
2745
3337
3360
423
2958
3219
659
797
3769
3249
2008
99
2898
2496
3503
1871
2046
755
976
2163
1940
2825
2120
2893
537
1701
2897
3672
2222
2135
2599
3558
705
2362
3468
2648
3544
3142
2647
1828
1778
277
1033
3431
1731
763
835
3264
1653
2607
2732
